0.3447052586384875
0.34309237962715367
0.3419978462300183
0.3418705934587936
0.34126983272693057
0.34117608852242337
0.3415130091825373
0.34118342849418054
0.3412587429869931
0.3412953630634772
0.3411580577222373
0.3413512505658238
0.3414312722144372
0.34149310349826106
0.34127793063055395
0.3413504926339576
0.3416067134958936
0.3414606321014658
0.3414735169431917
0.34164991561226865
0.3414732377051357
0.34146912891659775
0.3417751738259506
0.34174266253800445
0.34149330295401537
0.3415336727986797
0.341920816417719
0.34152760934374987
0.34170919386243787
0.34125419539579577
0.34164157836174014
0.3414273229905026
0.34173919200788017
0.34178215477735
0.34174493633360314
0.3416649944672915
0.3415952248444476
0.34193924612941357
0.34162007703142977
0.3415869673762208
0.34167217487444523
0.3419567982357894
0.3419867963812317
0.3417709054728092
0.3414609113395218
0.3416862165595459
0.3419456287135502
0.3419762252262553
0.34198280726614627
0.34139189964854416
0.3420945822708395
0.341880606137658
0.3418704737853411
0.341435700132182
0.3417567042231051
0.3418419516124804
0.341730216498938
0.3417612119231516
0.341865567173786
0.3417477686053138
0.3415405739677775
0.3417367985388289
0.34182874764154764
0.34197638479085873
0.34152876618712463
0.34210619059573805
0.045233395720299906
0.04546199418766396
0.045356352715729964
0.04544542363436482
0.04553533683912323
0.04523717426283025
0.04569098191873451
0.04569652221510893
0.045769874933733024
0.045606266726746524
0.04571882434091412
0.04556724975161306
0.0458464155878845
0.04561659563785522
0.045628448046573844
0.04570560950922275
0.045629391004345626
0.04544037662906675
0.0455539946512624
0.045716257213884184
0.0458028851671886
0.04585238877234632
0.045818002693031566
0.04585887873793573
0.045656542147874034
0.04593483885224906
0.04560748820941175
0.04580792210532185
0.045577162553242394
0.04570427728774447
0.04534531574736203
0.04590306016862355
0.04550991053650121
0.04566639454651443
0.0456898543962743
0.045948130865537416
0.04580204623678665
0.04581929129012895
0.04583737191815158
0.045929765001178124
0.045579018267291486
0.045709193419899846
0.045869543221205206
0.04569496516028292
0.04579314350736126
0.04567932749759075
0.045860036461890415
0.045874221097126425
0.045461776065759456
0.04579515358460431
0.04587978152783049
0.045641213211569776
0.04551892064901805
0.0459373623548981
0.04583421418411867
0.045760750726681516
0.04582020740212787
0.04570325043693249
0.04583630479868031
0.045553773173636285
0.045642377646967665
0.04572062300769589
0.04575289833811935
0.0459072346863036
0.04569245508052032
0.045801354958135455
0.00799095805018139
0.007988779484742014
0.007969314616676854
0.007987289103853356
0.007994909675218983
0.007989318396128016
0.007997653010387854
0.007994309644111996
0.008000731328642898
0.007999721090177755
0.007984894268632031
0.007998307696629955
0.00800252907120536
0.007997796406656321
0.008002063621022468
0.007991170793825591
0.008003740299522208
0.008002352176628277
0.008002851712809412
0.00797504106438154
0.007997420285296408
0.007998499871137285
0.008003294243096936
0.007987277937750484
0.007996570486098852
0.00799457469213281
0.008002032473472349
0.008001799748380903
0.008000974632147592
0.008006264426461004
0.008005919452651208
0.007990207570530436
0.008005097274866022
0.007995181775515297
0.008003453506985274
0.008004929783322935
0.00799998613819857
0.008003800243863945
0.008003514039016635
0.008005585644944285
0.008004357961317942
0.00799827713676946
0.008005131360864264
0.008001639309113314
0.008001152702103926
0.00800295162004564
0.00799699656107688
0.008004653569199249
0.008004751713366601
0.008001775065416659
0.008002497923655243
0.008005114317865143
0.008006413111936094
0.008002392727212392
0.008006135722433158
0.007992851586152705
0.00800562737090765
0.008004638876958627
0.008001970178372115
0.008005240083444864
0.007999066403935655
0.007999538318704421
0.007996437080554008
0.008005263003340233
0.00800171982259192
0.007996599870580096
0.008002280478494044
0.008003397676470911
